
    zs 10 122  122
    ls 21  101 112
    ww 31  121 103
    zs 10 122  122
    ls 21  101 112
    ww 31  121 102
    zs 10 122  122
    ls 21  101 112
    ww 31  121 102
    zs 10 122  122
    ls 21  101 112
    ww 31  121 102
    zs 10 122  122
    ls 21  101 112
    ww 31  121 102
    zs 10 122  122
    ls 21  101 112(最后一页)
    ww 31  121 102
    zs 10 122  122(第一页)
    ls 21  101 112
    ww 31  121 102
    zs 10 122  122
    ls 21  101 112
    ww 31  121 102
    zs 10 122  122
    ls 21  101 112
    ww 31  121 102
    zs 10 122  122
    ls 21  101 112
    ww 31  121 102
    zs 10 122  122
    ls 21  101 112
    ww 31  121 105
    zs 10 122  122
    ls 21  101 112
    ww 31  121 102
    

    Janmew 做了一些工作